7902
0 0
1 0
2 0
2 1
2 2
3 2
4 2
5 2
5 3
6 3
6 4
6 5
6 6
7 6
7 7
7 8
8 8
9 8
9 9
9 10
10 10
11 10
11 11
11 12
11 13
11 14
12 14
13 14
14 14
15 14
16 14
16 15
16 16
16 17
16 18
16 19
16 20
16 21
17 21
17 22
17 23
17 24
18 24
19 24
19 25
19 26
19 27
20 27
20 28
21 28
22 28
22 29
23 29
23 30
23 31
23 32
24 32
25 32
25 33
25 34
25 35
26 35
26 36
27 36
28 36
28 37
28 38
29 38
29 39
30 39
31 39
32 39
33 39
34 39
35 39
36 39
37 39
37 40
37 41
38 41
38 42
39 42
40 42
41 42
41 43
41 44
41 45
42 45
42 46
42 47
42 48
43 48
43 49
43 50
43 51
43 52
43 53
43 54
43 55
44 55
44 56
44 57
45 57
45 58
45 59
46 59
47 59
47 60
47 61
47 62
47 63
47 64
47 65
48 65
49 65
50 65
51 65
51 66
52 66
53 66
53 67
54 67
55 67
56 67
57 67
57 68
58 68
58 69
59 69
59 70
59 71
60 71
61 71
61 72
62 72
62 73
62 74
62 75
62 76
63 76
63 77
63 78
64 78
64 79
65 79
66 79
67 79
67 80
68 80
69 80
70 80
71 80
72 80
72 81
72 82
72 83
72 84
72 85
73 85
74 85
74 86
74 87
74 88
75 88
76 88
77 88
78 88
78 89
78 90
79 90
79 91
79 92
80 92
80 93
81 93
82 93
83 93
83 94
83 95
83 96
83 97
83 98
84 98
85 98
85 99
85 100
85 101
86 101
87 101
87 102
88 102
89 102
90 102
91 102
92 102
93 102
93 103
93 104
94 104
95 104
96 104
97 104
98 104
98 105
99 105
100 105
100 106
101 106
102 106
103 106
104 106
104 107
105 107
106 107
107 107
108 107
109 107
110 107
111 107
111 108
112 108
113 108
114 108
114 109
114 110
114 111
114 112
115 112
116 112
116 113
117 113
118 113
118 114
119 114
120 114
121 114
122 114
123 114
124 114
124 115
125 115
125 116
126 116
126 117
126 118
126 119
126 120
126 121
126 122
126 123
126 124
127 124
127 125
127 126
128 126
128 127
128 128
128 129
129 129
130 129
130 130
130 131
131 131
131 132
132 132
132 133
132 134
132 135
132 136
132 137
132 138
132 139
133 139
134 139
134 140
134 141
135 141
136 141
137 141
137 142
137 143
137 144
137 145
138 145
138 146
138 147
138 148
138 149
138 150
138 151
139 151
140 151
140 152
140 153
140 154
140 155
140 156
141 156
141 157
141 158
142 158
142 159
142 160
142 161
142 162
143 162
143 163
143 164
143 165
144 165
144 166
144 167
144 168
144 169
144 170
145 170
146 170
147 170
147 171
147 172
148 172
148 173
149 173
149 174
149 175
149 176
149 177
149 178
150 178
150 179
151 179
151 180
152 180
153 180
154 180
155 180
156 180
156 181
156 182
156 183
156 184
156 185
156 186
156 187
156 188
156 189
156 190
156 191
156 192
157 192
158 192
159 192
159 193
159 194
159 195
159 196
159 197
160 197
160 198
160 199
161 199
161 200
162 200
162 201
162 202
163 202
163 203
163 204
163 205
164 205
164 206
165 206
166 206
166 207
166 208
166 209
166 210
166 211
166 212
167 212
167 213
168 213
168 214
169 214
169 215
170 215
170 216
171 216
171 217
172 217
172 218
173 218
173 219
173 220
174 220
174 221
175 221
175 222
175 223
176 223
176 224
176 225
176 226
176 227
177 227
178 227
179 227
180 227
180 228
180 229
181 229
182 229
182 230
183 230
184 230
185 230
186 230
186 231
186 232
186 233
187 233
188 233
188 234
189 234
189 235
189 236
189 237
189 238
189 239
189 240
189 241
189 242
190 242
190 243
190 244
191 244
191 245
191 246
192 246
193 246
193 247
193 248
194 248
195 248
196 248
196 249
197 249
198 249
199 249
200 249
201 249
201 250
201 251
202 251
203 251
204 251
205 251
206 251
207 251
208 251
209 251
210 251
210 252
211 252
211 253
211 254
211 255
211 256
212 256
213 256
214 256
215 256
216 256
217 256
218 256
219 256
219 257
220 257
220 258
220 259
220 260
221 260
222 260
223 260
223 261
224 261
225 261
226 261
227 261
228 261
229 261
230 261
231 261
232 261
233 261
234 261
235 261
236 261
236 262
236 263
236 264
237 264
237 265
238 265
239 265
240 265
240 266
241 266
242 266
243 266
244 266
245 266
246 266
247 266
248 266
249 266
249 267
249 268
249 269
249 270
250 270
250 271
251 271
252 271
253 271
253 272
254 272
255 272
255 273
256 273
257 273
257 274
258 274
259 274
260 274
260 275
260 276
260 277
261 277
261 278
261 279
262 279
262 280
262 281
262 282
263 282
263 283
264 283
264 284
264 285
265 285
265 286
266 286
267 286
268 286
269 286
269 287
269 288
270 288
271 288
272 288
273 288
274 288
275 288
275 289
276 289
276 290
277 290
277 291
278 291
278 292
279 292
279 293
279 294
279 295
279 296
279 297
280 297
281 297
282 297
282 298
282 299
282 300
283 300
283 301
283 302
283 303
283 304
283 305
283 306
283 307
283 308
284 308
285 308
285 309
286 309
287 309
287 310
287 311
288 311
289 311
290 311
290 312
290 313
291 313
291 314
291 315
292 315
292 316
293 316
294 316
295 316
296 316
297 316
298 316
299 316
299 317
299 318
299 319
300 319
300 320
300 321
300 322
300 323
300 324
300 325
301 325
301 326
302 326
302 327
303 327
304 327
305 327
306 327
307 327
308 327
309 327
310 327
310 328
311 328
312 328
312 329
313 329
314 329
315 329
315 330
316 330
317 330
317 331
318 331
319 331
319 332
319 333
320 333
320 334
320 335
321 335
321 336
322 336
323 336
323 337
324 337
324 338
325 338
325 339
325 340
326 340
327 340
328 340
329 340
330 340
331 340
331 341
331 342
332 342
332 343
333 343
334 343
334 344
334 345
334 346
334 347
334 348
334 349
334 350
334 351
334 352
334 353
334 354
335 354
336 354
337 354
338 354
339 354
340 354
341 354
342 354
343 354
343 355
343 356
343 357
343 358
344 358
344 359
345 359
345 360
345 361
345 362
345 363
346 363
347 363
348 363
349 363
350 363
351 363
352 363
352 364
352 365
353 365
354 365
354 366
354 367
355 367
355 368
355 369
356 369
357 369
358 369
358 370
359 370
360 370
361 370
361 371
361 372
361 373
362 373
363 373
363 374
363 375
363 376
363 377
363 378
363 379
363 380
363 381
363 382
363 383
363 384
364 384
364 385
364 386
364 387
365 387
366 387
366 388
367 388
368 388
369 388
369 389
370 389
371 389
372 389
373 389
374 389
375 389
376 389
376 390
376 391
376 392
377 392
378 392
379 392
380 392
381 392
382 392
383 392
384 392
384 393
384 394
385 394
385 395
385 396
385 397
385 398
386 398
386 399
387 399
387 400
388 400
389 400
390 400
390 401
391 401
392 401
393 401
393 402
393 403
393 404
394 404
394 405
394 406
394 407
394 408
394 409
394 410
394 411
395 411
396 411
397 411
397 412
397 413
398 413
399 413
400 413
401 413
402 413
403 413
403 414
403 415
403 416
403 417
404 417
405 417
405 418
405 419
405 420
405 421
405 422
405 423
406 423
406 424
406 425
406 426
406 427
406 428
406 429
406 430
406 431
406 432
406 433
407 433
408 433
408 434
408 435
408 436
409 436
410 436
410 437
410 438
410 439
410 440
410 441
411 441
412 441
413 441
414 441
414 442
414 443
414 444
414 445
414 446
414 447
414 448
414 449
415 449
415 450
415 451
416 451
417 451
418 451
418 452
419 452
420 452
421 452
422 452
423 452
423 453
424 453
424 454
424 455
424 456
424 457
424 458
424 459
424 460
425 460
425 461
425 462
425 463
425 464
425 465
426 465
426 466
426 467
427 467
427 468
427 469
427 470
427 471
428 471
428 472
429 472
429 473
430 473
430 474
431 474
431 475
431 476
431 477
431 478
431 479
431 480
431 481
431 482
431 483
432 483
432 484
432 485
432 486
432 487
432 488
432 489
433 489
434 489
434 490
435 490
435 491
435 492
436 492
437 492
438 492
438 493
438 494
439 494
439 495
440 495
440 496
441 496
441 497
441 498
442 498
442 499
443 499
443 500
444 500
444 501
445 501
446 501
447 501
448 501
449 501
450 501
451 501
452 501
453 501
453 502
454 502
455 502
455 503
455 504
456 504
457 504
458 504
459 504
460 504
461 504
461 505
462 505
463 505
464 505
465 505
465 506
466 506
466 507
467 507
467 508
468 508
469 508
470 508
470 509
470 510
470 511
471 511
472 511
472 512
472 513
472 514
473 514
473 515
473 516
473 517
473 518
473 519
473 520
473 521
473 522
473 523
473 524
473 525
473 526
473 527
474 527
474 528
475 528
476 528
477 528
478 528
478 529
479 529
479 530
480 530
480 531
480 532
481 532
481 533
482 533
482 534
482 535
483 535
484 535
485 535
486 535
486 536
487 536
488 536
489 536
490 536
490 537
490 538
490 539
491 539
492 539
493 539
494 539
495 539
496 539
496 540
496 541
497 541
497 542
497 543
498 543
499 543
500 543
501 543
502 543
502 544
503 544
504 544
505 544
506 544
507 544
508 544
509 544
510 544
510 545
511 545
511 546
511 547
512 547
512 548
512 549
513 549
514 549
515 549
515 550
515 551
515 552
516 552
517 552
517 553
517 554
518 554
519 554
520 554
520 555
521 555
521 556
521 557
522 557
522 558
523 558
523 559
523 560
523 561
523 562
524 562
525 562
526 562
527 562
527 563
527 564
527 565
528 565
528 566
529 566
530 566
531 566
532 566
533 566
534 566
535 566
536 566
537 566
538 566
539 566
540 566
541 566
542 566
543 566
543 567
544 567
544 568
545 568
546 568
547 568
547 569
548 569
548 570
548 571
548 572
549 572
550 572
550 573
551 573
552 573
552 574
552 575
552 576
552 577
553 577
554 577
555 577
555 578
555 579
556 579
557 579
558 579
559 579
560 579
561 579
562 579
562 580
562 581
563 581
564 581
565 581
566 581
567 581
568 581
568 582
568 583
568 584
568 585
568 586
568 587
569 587
570 587
570 588
570 589
570 590
570 591
570 592
570 593
571 593
571 594
572 594
572 595
573 595
573 596
573 597
573 598
573 599
573 600
573 601
573 602
573 603
574 603
575 603
576 603
576 604
576 605
576 606
577 606
578 606
578 607
578 608
578 609
579 609
579 610
580 610
581 610
582 610
582 611
582 612
583 612
584 612
584 613
585 613
586 613
587 613
588 613
588 614
588 615
589 615
589 616
590 616
590 617
591 617
591 618
591 619
592 619
593 619
594 619
595 619
596 619
597 619
598 619
599 619
600 619
601 619
601 620
602 620
603 620
603 621
604 621
605 621
605 622
605 623
605 624
605 625
606 625
607 625
607 626
608 626
609 626
609 627
610 627
610 628
611 628
611 629
612 629
612 630
613 630
613 631
614 631
614 632
614 633
614 634
614 635
614 636
614 637
614 638
615 638
615 639
616 639
617 639
617 640
618 640
619 640
619 641
620 641
621 641
622 641
622 642
623 642
624 642
625 642
626 642
627 642
628 642
629 642
630 642
631 642
632 642
633 642
634 642
634 643
634 644
634 645
635 645
636 645
637 645
637 646
638 646
638 647
638 648
639 648
640 648
641 648
641 649
642 649
643 649
644 649
644 650
645 650
646 650
646 651
647 651
648 651
649 651
649 652
650 652
650 653
650 654
650 655
650 656
651 656
652 656
652 657
652 658
652 659
652 660
652 661
652 662
653 662
653 663
653 664
653 665
653 666
654 666
655 666
655 667
656 667
656 668
657 668
658 668
658 669
658 670
659 670
660 670
661 670
662 670
662 671
663 671
663 672
663 673
664 673
664 674
665 674
665 675
665 676
665 677
665 678
666 678
667 678
668 678
669 678
669 679
669 680
669 681
670 681
670 682
670 683
670 684
671 684
671 685
672 685
672 686
673 686
673 687
674 687
675 687
676 687
677 687
678 687
679 687
680 687
681 687
681 688
682 688
683 688
684 688
684 689
684 690
685 690
686 690
687 690
688 690
689 690
690 690
691 690
692 690
693 690
693 691
694 691
695 691
695 692
696 692
697 692
698 692
698 693
698 694
698 695
699 695
699 696
699 697
699 698
699 699
700 699
700 700
701 700
702 700
703 700
703 701
703 702
703 703
703 704
703 705
704 705
705 705
706 705
706 706
707 706
707 707
708 707
709 707
710 707
711 707
711 708
712 708
713 708
714 708
715 708
716 708
717 708
718 708
719 708
720 708
720 709
720 710
720 711
720 712
720 713
720 714
720 715
721 715
722 715
722 716
722 717
722 718
722 719
722 720
722 721
722 722
722 723
723 723
724 723
724 724
725 724
725 725
726 725
726 726
726 727
727 727
728 727
728 728
728 729
729 729
729 730
729 731
729 732
729 733
729 734
729 735
730 735
730 736
730 737
731 737
731 738
731 739
731 740
731 741
732 741
732 742
733 742
733 743
733 744
734 744
735 744
736 744
736 745
737 745
737 746
737 747
737 748
738 748
739 748
739 749
740 749
740 750
740 751
740 752
741 752
741 753
741 754
741 755
742 755
742 756
742 757
742 758
743 758
743 759
744 759
745 759
745 760
746 760
746 761
746 762
747 762
747 763
747 764
748 764
749 764
750 764
750 765
751 765
752 765
752 766
752 767
752 768
752 769
753 769
754 769
754 770
754 771
754 772
755 772
755 773
755 774
756 774
757 774
757 775
758 775
758 776
759 776
759 777
760 777
761 777
761 778
762 778
763 778
764 778
764 779
764 780
764 781
764 782
765 782
766 782
767 782
768 782
768 783
768 784
769 784
770 784
771 784
772 784
773 784
774 784
775 784
775 785
775 786
775 787
776 787
776 788
777 788
778 788
778 789
778 790
778 791
778 792
779 792
779 793
780 793
780 794
780 795
781 795
781 796
781 797
781 798
781 799
781 800
781 801
781 802
782 802
782 803
783 803
783 804
783 805
784 805
785 805
786 805
786 806
786 807
786 808
786 809
786 810
786 811
787 811
787 812
787 813
787 814
787 815
788 815
788 816
788 817
788 818
789 818
789 819
789 820
790 820
791 820
791 821
791 822
791 823
791 824
791 825
792 825
792 826
792 827
792 828
792 829
793 829
794 829
795 829
796 829
796 830
797 830
798 830
799 830
800 830
800 831
801 831
802 831
803 831
803 832
803 833
804 833
805 833
806 833
806 834
806 835
807 835
807 836
807 837
808 837
808 838
808 839
808 840
809 840
810 840
811 840
812 840
813 840
814 840
815 840
816 840
816 841
817 841
818 841
819 841
820 841
821 841
821 842
821 843
821 844
821 845
821 846
821 847
821 848
822 848
823 848
824 848
825 848
826 848
827 848
828 848
829 848
830 848
830 849
831 849
831 850
832 850
833 850
833 851
834 851
835 851
836 851
837 851
838 851
839 851
839 852
839 853
840 853
841 853
842 853
843 853
844 853
844 854
844 855
844 856
845 856
846 856
846 857
847 857
848 857
849 857
850 857
850 858
850 859
851 859
852 859
852 860
853 860
854 860
855 860
855 861
855 862
855 863
856 863
856 864
857 864
858 864
858 865
858 866
858 867
858 868
859 868
859 869
859 870
859 871
860 871
861 871
862 871
863 871
863 872
863 873
863 874
864 874
865 874
865 875
866 875
867 875
868 875
869 875
870 875
871 875
872 875
873 875
873 876
873 877
873 878
874 878
874 879
874 880
874 881
874 882
874 883
874 884
874 885
874 886
875 886
875 887
876 887
876 888
876 889
877 889
877 890
877 891
877 892
878 892
879 892
880 892
881 892
882 892
882 893
883 893
883 894
883 895
883 896
884 896
885 896
886 896
887 896
888 896
889 896
889 897
890 897
891 897
891 898
892 898
893 898
893 899
893 900
894 900
894 901
894 902
895 902
896 902
897 902
897 903
897 904
897 905
897 906
898 906
898 907
899 907
899 908
899 909
900 909
901 909
902 909
903 909
904 909
905 909
905 910
905 911
905 912
905 913
905 914
906 914
906 915
907 915
907 916
907 917
907 918
908 918
909 918
910 918
910 919
911 919
912 919
913 919
913 920
913 921
913 922
913 923
913 924
914 924
914 925
914 926
914 927
914 928
914 929
915 929
916 929
917 929
918 929
919 929
920 929
920 930
920 931
921 931
921 932
921 933
921 934
922 934
923 934
924 934
924 935
924 936
925 936
926 936
927 936
927 937
928 937
928 938
928 939
928 940
929 940
929 941
929 942
929 943
930 943
931 943
932 943
932 944
933 944
933 945
934 945
935 945
936 945
936 946
937 946
937 947
938 947
938 948
938 949
938 950
938 951
938 952
938 953
938 954
939 954
940 954
940 955
941 955
941 956
942 956
942 957
942 958
942 959
942 960
942 961
942 962
943 962
943 963
943 964
943 965
943 966
943 967
944 967
945 967
946 967
947 967
948 967
948 968
949 968
949 969
949 970
949 971
949 972
950 972
951 972
952 972
953 972
953 973
954 973
955 973
955 974
956 974
956 975
957 975
958 975
959 975
960 975
961 975
962 975
963 975
963 976
963 977
963 978
963 979
964 979
965 979
965 980
965 981
965 982
966 982
966 983
967 983
968 983
969 983
970 983
971 983
972 983
973 983
974 983
974 984
975 984
976 984
977 984
978 984
979 984
980 984
980 985
981 985
981 986
981 987
981 988
981 989
981 990
982 990
983 990
983 991
984 991
985 991
986 991
987 991
987 992
987 993
988 993
988 994
988 995
989 995
989 996
990 996
991 996
992 996
993 996
994 996
994 997
994 998
994 999
995 999
996 999
997 999
998 999
999 999
